1.358592234618360983e-01
8.930866160265775733e-01
-9.538380077888350961e-01
-1.930649800703367891e-01
6.205009951265190171e-01
-6.907405175594720781e-01
-4.542206582599188636e-01
-9.859980017072984548e-01
1.487618895793505480e-01
-5.936854689264432494e-01
-1.902639863756077077e-01
5.684194077106015097e-01
-6.757982575611825027e-01
-1.765296822228470397e-01
-4.854459984843360054e-01
-3.894068620575852346e-01
9.894349284672863121e-01
8.801384607794964232e-01
-2.187794457092917533e-01
8.669338362657235120e-01
8.273059007643273066e-01
-9.297810065150402536e-02
8.738698006418648134e-01
7.704328306424739203e-01
-5.808566128574252918e-01
2.904695934024981163e-02
5.815368883145100032e-01
-5.266549724336477833e-01
7.812685217577364227e-01
-6.087234706086395164e-01
9.034154364623152578e-01
1.160378484768940233e-01
-8.885678281690057023e-01
2.859740176130243228e-01
7.506445955729941222e-01
8.675318998789063318e-01
7.464927370470300083e-01
-3.627980608430938503e-01
-5.887832557144452306e-01
3.620585063845929152e-01
5.327271412070604395e-01
-2.546289841824949107e-01
-7.613936476227416428e-01
-4.005546332850395963e-01
8.062000582618724653e-01
2.449887465607634152e-01
-4.238458696645674983e-02
-8.550147953143119040e-01
-4.898976686580445161e-01
8.680412378098461001e-01
-9.057869409333947353e-01
-9.206579111463155662e-01
4.645279041901937411e-01
5.237853369769829293e-02
-9.402908705018706570e-01
7.199345509986407876e-01
-5.228463093455177901e-01
-3.133856940208183950e-01
8.320875055861827185e-01
8.245629373000700202e-01
8.110977303274133909e-01
-1.996940177550479145e-01
5.290235010428760987e-01
-8.812972427476664095e-01
-1.637431276027614402e-01
-2.453431285277130058e-01
1.352838792107440291e-01
5.375291208921550989e-01
7.444265103557692331e-01
8.781815064263347459e-01
2.670670976902620453e-01
8.766931779404194547e-01
2.823493508158831933e-01
-9.176448973194493153e-01
-2.564617504251964775e-02
4.439275584408277631e-01
-6.499552775522785542e-01
2.045017823167505355e-02
8.461887866228556820e-01
-3.787137331653700478e-01
2.960776216539022787e-01
8.558053797521414374e-01
3.492401880397111302e-01
-7.387597871476792033e-01
-4.787406051194813550e-01
-6.303121821613684173e-01
1.631750894581969202e-01
-4.551303970319930947e-02
2.340727022162127913e-01
3.367082498963691606e-02
8.554823264057529464e-01
7.619396263912581180e-01
8.567625266421148300e-01
-6.429282023581883720e-02
-1.691943980724754937e-01
8.851410682915046291e-01
9.057158149904420696e-01
2.017606117993542281e-01
2.562915300047388101e-01
-1.011747986355191475e-01
1.938407908413202207e-01
-1.219090285140345120e-01
6.465431036714277546e-01
-9.029114215073907879e-01
-7.416588863751369942e-01
-7.219979754086049972e-01
-5.292390083500064790e-02
1.509804337178219935e-01
5.433295290727460092e-01
7.089389569942015079e-01
-9.404277894567001361e-01
-9.385736397781709872e-01
7.340312332970078124e-01
-4.414669478163810723e-01
-8.352346691655347932e-01
7.791682348807942304e-01
-3.163069285323545365e-01
1.198782486991385454e-01
9.489385600759026040e-01
-8.393723492555911214e-01
-2.340148273023472392e-01
1.168458129460954176e-01
5.452991902836901161e-01
4.875302834106440830e-01
7.533561062402283071e-02
-8.460482955053727494e-02
6.765972030144233873e-01
-3.808169659240576710e-01
-9.538342188755568607e-01
-2.924688573361722277e-02
-4.694441318110185168e-01
-6.518696707853766092e-02
-5.801629726447505853e-01
7.538842650731445438e-01
9.424648505165345025e-01
-4.384577851783981739e-01
6.028878081899338159e-01
9.462342066319835432e-01
-8.730812685218962699e-01
9.312625132477849732e-01
3.703473460752539914e-01
-2.202528148958651233e-01
-4.796139647357642311e-01
2.293087325028109191e-01
-2.294835638279688617e-01
-6.844329711477523670e-01
6.787346606087001355e-01
-9.035379041687465751e-01
-1.218897008361714551e-01
9.771282002294137126e-01
-9.342432259052202426e-01
2.157945224579169707e-01
3.967280964874941862e-01
2.125237053033246504e-01
-8.116322010178422808e-01
-2.446971565244777658e-01
-1.187140906329564594e-01
-7.059248811466445339e-02
-8.235144566111463060e-01
-2.759554107988546612e-01
9.309225149518232101e-01
6.382994749848784899e-01
3.400279215638541963e-01
9.560027324898021650e-01
6.582060519587769054e-01
-9.813450171654245491e-01
3.742344622558297917e-01
-7.626964780394662746e-02
-7.249049168182239988e-01
3.095117722394016280e-01
1.949760941574887330e-01
5.011421201901482547e-01
-2.190466615416999385e-01
-4.203688897420509996e-01
3.444722975613252469e-01
1.942717203630244249e-01
2.396676343585022462e-01
5.270676294220366653e-01
9.840866813616582220e-01
-8.523412640711760524e-01
-4.465224330926218510e-01
2.387844834167522912e-01
7.103040982764874389e-01
-6.895332415513433233e-01
-8.724865688892242677e-01
4.637474203675937545e-01
-5.970527482988876589e-01
-4.244887893583482175e-02
-4.953540733805186225e-01
7.652239934614308847e-01
-7.810648912832269808e-01
-9.250281757377070146e-01
4.279387386223409973e-01
7.868060552745959058e-02
-6.386653143237430719e-01
-9.041197397856501894e-01
-2.459938998409076927e-01
8.154915539353708720e-01
2.946831449339322173e-01
1.260015923059667475e-01
-9.611033270339319756e-01
-3.850592640566175007e-02
4.966464088060420501e-01
-5.021281771822148077e-01
-4.162123519683340600e-01
-1.029833037650813576e-01
-9.381191111235791524e-01
6.788873682039278101e-01
2.177512915600128274e-01
-8.194542713070498419e-01
2.894137028923120525e-01
-2.657805174918839164e-01
-7.038222127098809899e-01
-2.652441807188905543e-01
-8.187616499085637045e-01
-8.265258443774528008e-01
9.364676227589605606e-01
8.684529310870736651e-01
2.936878834903853264e-01
-2.813349039537025309e-01
-6.430887628179482451e-01
1.208119247928305384e-01
3.355305948442290909e-01
-8.938016933065175973e-01
2.471639259595002081e-01
2.183017790369963240e-01
-7.746769210735948707e-01
-3.266211602536757130e-01
9.611649401270707660e-01
-5.380204594468531720e-01
1.743306128697266200e-01
-8.413494945266908331e-01
-7.871467964669547346e-01
-3.098555019044368919e-01
6.157011500545128690e-01
8.074414333142512223e-01
-6.132001928582790917e-01
5.054933726778585434e-01
-2.409113644877891591e-01
-4.110821912946278633e-01
2.561096597660066365e-01
4.126179977881199168e-01
-6.857401283130843961e-01
9.884057703732058719e-01
9.653759646654758164e-01
2.823061755056461841e-01
-4.341972117341408310e-01
8.336948895134836945e-01
-6.538509776752556846e-01
-1.323950390364199148e-01
8.470451668417893210e-01
-5.045707373571313159e-01
7.724637289462350509e-01
-5.780196177348444486e-01
-8.005347778013838234e-01
6.794030701371076564e-01
-4.353187809586873680e-01
-3.671389670998073118e-01
7.572678798197121086e-01
9.311255088497396581e-01
-9.562836607357720897e-01
-3.912393675139114180e-01
-1.448535275720064242e-01
2.590522020443701834e-01
-3.545612866882776881e-01
1.000000000000000056e-01
