8.569641412184083595e-01
5.699027142688759540e-01
-5.130086578413588505e-01
-3.335422879339327018e-01
9.029156244485478933e-01
9.970360789263987833e-01
-2.243512620096936860e-01
6.105337952404805701e-01
8.037161215066790376e-01
1.894871611008566159e-01
-5.187352949532966218e-01
8.292078281666634965e-01
-5.498989081052374495e-02
7.667522149421577282e-01
-4.640316904417847166e-01
9.673973787570970817e-01
1.167252871560442440e-01
-2.354674180997815558e-01
-7.589744740127233325e-01
-5.734988388379813617e-01
5.979262993533129844e-02
-9.016049778138903736e-01
9.778956349771246170e-01
5.147408395356174449e-01
-6.112749555603116391e-01
-8.681128234789123876e-01
1.814599303614290449e-01
-4.896791649383935852e-01
9.178011214771786275e-01
6.469635995372677861e-01
5.693825048607752404e-01
6.011626262842950652e-02
-4.696975298301930835e-01
6.389324983082387277e-01
1.023524270261446656e-01
-9.252078771257805645e-01
-6.674688573447402629e-01
-8.883088347746452840e-01
-5.139878749578064010e-01
9.152380811885127976e-01
-7.899554719313990336e-01
9.587287840613822887e-02
-8.325880764540749546e-02
3.088292558860519232e-01
-8.100145612066282919e-01
5.363413982838478589e-01
-2.857739862063242153e-01
2.367466295151363642e-01
7.854243971774104160e-01
5.915847318500813135e-01
-3.082539658035559071e-01
-2.435255978038095570e-01
-4.990427703921793690e-01
4.420170719414611149e-01
4.475736555044336207e-01
-7.641748079481316402e-01
2.563779352794079980e-01
1.184111939452150430e-01
6.791229938386658116e-01
7.391713509797954718e-01
-8.651478923101638685e-01
-7.617881385799332161e-01
-6.662547126054447766e-01
-8.708373247277261253e-01
3.320445832850977830e-01
6.130984813868616268e-01
1.577480820773413672e-01
1.165038237904356677e-01
5.574779667362230740e-01
3.207882784971176626e-01
3.734341058048737949e-01
-8.950648652927615245e-01
4.402655262154220317e-01
1.355819343028994428e-01
-1.034626914004050935e-01
-1.306707198056755725e-01
2.177200541909647402e-01
4.365238582644828114e-01
-2.687288791457815851e-01
7.103699504657925434e-01
9.272057390627344020e-01
9.583613393621703835e-02
-4.924933394381105778e-01
-4.651378592976824766e-01
1.349330158752086728e-01
5.209300093873505677e-01
6.664859153281326165e-01
-9.915884023294989635e-01
-9.124791094012720816e-01
-7.782214775450426725e-01
9.831408965834538272e-01
2.228401801054831211e-01
5.892071363202495693e-01
1.847844601520407526e-01
3.556584989477193925e-01
-2.636874866655649630e-01
7.752247097443727419e-01
-8.471750864365068523e-02
9.678263074069723970e-01
-7.775041575620091905e-01
1.617876482519997605e-01
-5.831696569451998435e-01
-2.846796225013841219e-01
8.578768657465798420e-01
8.069284286328211042e-01
2.705504939040459522e-01
5.871426608035599237e-01
-1.261728916833393388e-01
-6.346276140493132267e-01
-3.826022960779338344e-01
7.398917755325913337e-01
9.769112601243126193e-01
-8.032619101841655951e-01
6.690855479977741993e-02
5.887368090934359532e-01
-1.796703523934959357e-01
1.959488993349380870e-01
-9.484402678976948664e-01
7.761552265572868592e-02
-3.050077483626887354e-01
-9.940648833571403831e-01
8.281809029214219908e-01
8.498727290675232027e-01
5.220395020667090158e-02
-1.603652854262056504e-01
8.508791901307082295e-01
7.744103784478832964e-01
-2.131610282540579160e-01
-4.954674053829921654e-01
-8.671094967779939822e-01
3.980295479509030621e-01
5.315525709424999690e-01
-8.848844864376146369e-01
-7.352398804251156772e-01
-8.451362877677848218e-02
-9.278716615823323632e-01
2.763131655624668781e-01
-2.614299461553313275e-01
-6.549313403137999590e-01
-7.034863977867651386e-01
6.116846064216443501e-01
1.760999739265567410e-01
2.277635218393925243e-01
-6.145433732475629185e-01
1.571860096665433915e-03
-8.936341330315065168e-01
-3.730382694992226966e-01
1.501719778021404217e-01
-5.659030195447369849e-01
-8.652245972013501429e-01
1.564740969491897893e-01
-8.313985122062061972e-01
-5.619244502351523618e-01
-1.412814075099568800e-01
2.189065032473773709e-01
8.879509894296679917e-01
-9.279664909072351531e-01
5.477286453277869782e-01
-8.226442978320909205e-01
-3.273573537449450122e-01
9.490866132262700816e-01
4.335835679125839004e-01
6.960785328076835032e-01
-3.830122152041666173e-01
-4.147515478317831406e-01
-7.674327322742544588e-01
7.579647299613021527e-01
-9.398850965635954235e-01
-8.103992942805871014e-01
-1.480379651203873603e-01
8.228790991581074188e-01
1.034375050581062272e-01
-1.416516671604650668e-01
5.337532949919494563e-01
6.724748565395990418e-01
-8.937249212622908612e-01
-1.836723937128079687e-01
-1.930048276127196427e-01
9.130675358862849755e-02
-7.094606857056733329e-01
6.899872278512348966e-01
8.667368986854133706e-01
-7.553853280649049928e-01
-9.816296695601307576e-01
-2.928199291302127083e-01
-9.641947213826034258e-01
-5.953946675669596900e-01
-9.351168428785117115e-01
-8.879835768855051104e-01
4.807933612332084827e-01
-7.455893414477501313e-01
-3.500995585875230631e-01
-3.409190196652405191e-01
-1.632388387211296532e-01
-8.768099905695785345e-01
-4.606267929392671157e-01
-5.494528584459581477e-01
5.672447944212641868e-01
-6.090095355571043534e-01
-7.970501686392368335e-01
-8.772495582965007532e-01
9.118656074852071747e-02
4.940446870676711288e-01
-4.915521570113030592e-01
6.560622769143074073e-01
-6.341019709271840110e-01
7.538291490983588528e-01
-7.817785746309451334e-01
-2.288715543842041455e-01
3.168522378088958202e-01
2.472019013568189649e-01
-6.847169269788497825e-01
9.759657875640379565e-01
2.935369435499493029e-01
4.265916560207188013e-01
-9.089413007542757050e-02
-9.901943235275496580e-01
5.026676224337081056e-01
8.362564813230597416e-01
-5.090230354149294367e-01
-3.384257614791390534e-01
9.738209908964869932e-01
-9.227407732702794796e-01
-6.097663605770702322e-01
-2.630081745782797409e-01
-2.456613556753732830e-01
3.425609981762371969e-01
-4.833593450633975053e-01
6.977818971089320144e-01
-1.531421961851731073e-01
6.985044991712343609e-01
-9.761406539761208201e-02
6.329747263349996267e-01
-7.924130059134837367e-03
-8.353358417062501928e-01
-8.835790017077431724e-01
-5.264638565455110886e-01
-5.645392450298858389e-01
-1.354940170200125138e-02
1.385168614570524426e-01
-9.390524373838167183e-01
-3.901810877084201934e-01
5.357738547431147857e-01
-9.814471769365229470e-02
2.147055521671177303e-01
-6.102538335144167547e-01
5.374019524190865038e-01
-3.349047283900492555e-01
2.799835839481292776e-01
-1.632683663145826358e-01
-7.749069805290553781e-01
4.486364721161058000e-01
-6.976935902404410861e-01
-8.607715494140968371e-01
-6.994570085711735441e-01
-4.629249001695288079e-01
-1.187696202466881346e-02
-8.525264715197622412e-01
-8.657726996158918720e-01
4.557215090442241490e-01
-5.260642240846240547e-01
8.053871176975064827e-01
-3.792627536900927687e-01
-9.213662444565520193e-01
6.693981873590306719e-01
1.000000000000000056e-01
